A = 10632026 = 1010 0010 0011 1011 0101 1010
B = 0110 0110 1100 1111 0010 1011 1010 1010 1001 1011 1010 0100
C = 0010 1011 1010 1010
D = 1010 1011 1010 1010

Step					Product								Next
   0	0000 0000 0000 0000  1010 1011 1010 1010 0		00 -> shift
   1	0000 0000 0000 0000  0101 0101 1101 0101 0		10 -> sub
   2  + 1101 0100 0101 0110
   		1101 0100 0101 0110  0101 0101 1101 0101 0
    	1110 1010 0010 1011  0010 1010 1110 1010 1		01 -> add
   3  + 0010 1011 1010 1010
   		0001 0101 1101 0101  0010 1010 1110 1010 1
    	0000 1010 1110 1010  1001 0101 0111 0101 0		10 -> sub
   4  + 1101 0100 0101 0110
   		1101 1111 0100 0000  1001 0101 0111 0101 0
    	1110 1111 1010 0000  0100 1010 1011 1010 1		01 -> add
   5  + 0010 1011 1010 1010
   		0001 1011 0100 1010  0100 1010 1011 1010 1
    	0000 1101 1010 0101  0010 0101 0101 1101 0		10 -> sub
   6  + 1101 0100 0101 0110
   		1110 0001 1111 1011  0010 0101 0101 1101 0
    	1111 0000 1111 1101  1001 0010 1010 1110 1		01 -> add
   7  + 0010 1011 1010 1010
   		0001 1100 1010 0111  1001 0010 1010 1110 1
   		0000 1110 0101 0011  1100 1001 0101 0111 0		10 -> sub
   8  + 1101 0100 0101 0110
   		1110 0010 1010 1001  1100 1001 0101 0111 0
    	1111 0001 0101 0100  1110 0100 1010 1011 1		11 -> shift
   9	1111 1000 1010 1010  0111 0010 0101 0101 1		11 -> shift
  10	1111 1100 0101 0101  0011 1001 0010 1010 1		01 -> add
  11  + 0010 1011 1010 1010
  		0010 0111 1111 1111  0011 1001 0010 1010 1
    	0001 0011 1111 1111  1001 1100 1001 0101 0		10 -> sub
  12  + 1101 0100 0101 0110
  		1110 1000 0101 0101  1001 1100 1001 0101 0
    	1111 0100 0010 1010  1100 1110 0100 1010 1		01 -> add
  13  + 0010 1011 1010 1010
  		0001 1111 1101 0100  1100 1110 0100 1010 1
    	0000 1111 1110 1010  0110 0111 0010 0101 0		10 -> sub
  14  + 1101 0100 0101 0110
  		1110 0100 0100 0000  0110 0111 0010 0101 0
    	1111 0010 0010 0000  0011 0011 1001 0010 1		01 -> add
  15  + 0010 1011 1010 1010
  		0001 1101 1100 1010  0011 0011 1001 0010 1
    	0000 1110 1110 0101  0001 1001 1100 1001 0		10 -> sub
  16  + 1101 0100 0101 0110
  		1110 0011 0011 1011  0001 1001 1100 1001 0
    	1111 0001 1001 1101  1000 1100 1110 0100 1		done