歡樂台科 20 4
00 起點 0
01 哀必 1 2000 500 1000 3000 5000
02 伊兔 1 700 200 500 1000 3000
03 踢兔 1 750 200 600 1200 3200
04 管理大樓 1 2000 500 1000 3000 5000
05 機會 -2
06 命運 -1
07 依依 1 2000 500 1000 3000 5000
08 行政大樓 1 2000 500 1000 3000 5000
09 青青草地 1 2000 500 1000 3000 5000
10 第二宿舍 1 2000 500 1000 3000 5000
11 第三宿舍 1 2000 500 1000 3000 5000
12 圖書館 1 2000 500 1000 3000 5000
13 阿必 1 2000 500 1000 3000 5000
14 貝殼廳 1 2000 500 1000 3000 5000
15 踢四 1 2000 500 1000 3000 5000
16 機會 -2
17 命運 -1
18 伊萬 1 2000 500 1000 3000 5000
19 第一宿舍 1 2000 500 1000 3000 5000
20 踢萬 1 2000 500 1000 3000 5000
21 運動場 1 2000 500 1000 3000 5000
22 社團大樓 1 2000 500 1000 3000 5000
23 踢三 1 2000 500 1000 3000 5000
24 排球場 1 2000 500 1000 3000 5000
25 體育館 1 2000 500 1000 3000 5000
26 游泳池 1 2000 500 1000 3000 5000
27 踢阿 1 2000 500 1000 3000 5000
playerstate 0
0 00 30000
1 00 30000
2 00 30000
3 00 30000